<?xml version="1.0" encoding="UTF-8"?>
<!DOCTYPE svg PUBLIC "-//W3C//DTD SVG 1.1//EN" "http://www.w3.org/Graphics/SVG/1.1/DTD/svg11.dtd">
<!-- Creator: CorelDRAW X7 -->
<svg xmlns="http://www.w3.org/2000/svg" xml:space="preserve" width="210mm" height="297mm" version="1.1" style="shape-rendering:geometricPrecision; text-rendering:geometricPrecision; image-rendering:optimizeQuality; fill-rule:evenodd; clip-rule:evenodd"
viewBox="0 0 21000 29700"
 xmlns:xlink="http://www.w3.org/1999/xlink">
 <defs>
  <style type="text/css">
   <![CDATA[
    .fil1 {fill:#020202}
    .fil2 {fill:#0C0C0C}
    .fil0 {fill:#131313}
    .fil3 {fill:#4F4F4F}
    .fil4 {fill:#7D7D7D}
   ]]>
  </style>
   <clipPath id="id0">
    <path d="M17747 29699l-17745 0c0,-329 0,-659 0,-988 0,-217 0,-435 0,-653 0,-1711 0,-3422 0,-5132 5915,0 11830,0 17745,0l0 6773zm-3176 -246l0 0c81,-10 252,-7 365,-23 207,-29 555,-95 790,-138 43,-8 1165,-252 1240,-265 196,-32 321,-81 351,-81 2,0 3,0 4,0 3,-19 -114,-95 -148,-107 -164,-58 -257,-43 -260,-51l0 -1c0,0 0,0 0,0 -6,1 -12,1 -18,1l0 0c-193,0 -980,-139 -1730,-278 -749,-140 -1460,-279 -1502,-279 0,0 0,0 -1,0 -45,3 -89,27 -136,30 -52,3 -138,4 -245,4l0 0c-180,0 -418,-3 -645,-7 -226,-4 -440,-8 -573,-8 -50,0 -88,1 -111,2 -26,2 -53,2 -82,2 -36,0 -73,-1 -110,-1 -37,-1 -73,-2 -107,-2 0,0 0,0 0,0 -22,0 -43,0 -62,1 -1,0 312,133 316,135 143,66 2493,997 2503,1005 21,17 125,43 161,61zm-10065 -38l0 0c0,0 0,0 0,0 127,-35 189,-54 373,-68 295,-22 955,-49 1334,-129 69,-14 717,-65 839,-79 329,-36 551,-78 596,-78 1,0 2,0 3,0 1,-14 15,-49 15,-87 0,-48 -24,-102 -133,-120 -286,-48 -502,-65 -502,-80 0,0 0,0 0,0 -490,102 -769,158 -872,179 -73,15 -144,21 -219,36 -200,42 -447,87 -681,128 -4,-7 -7,-13 -11,-19 -111,-176 -611,-193 -946,-193 -82,0 -154,1 -208,1 -130,0 -598,11 -775,128 -56,38 -290,147 -331,147 -558,0 -1115,0 -1672,0 -68,0 -190,0 -257,0 0,34 0,67 0,101 0,27 0,54 0,82l1929 0c1,0 2,0 3,0 45,0 221,-7 465,-17 361,-15 574,-23 794,-29 24,13 75,27 89,36 37,24 105,41 167,61l0 0zm5655 -55l0 0c78,-22 116,-34 230,-42 182,-14 585,-168 819,-217 43,-9 570,-179 642,-202 196,-61 314,-130 339,-130 0,0 1,0 1,0 1,-20 -126,-78 -161,-85 -69,-14 -125,-18 -167,-18 -25,0 -45,1 -60,3 -16,1 -27,2 -33,2 -4,0 -5,0 -5,-2 0,0 0,0 0,0l0 0c-13,3 -29,4 -50,4 -232,0 -957,-165 -1636,-331 -679,-165 -1313,-331 -1365,-331 -1,0 -2,0 -2,0 -45,9 -618,169 -664,179 -255,53 -81,25 -256,60 -110,21 -596,188 -694,207l0 0c-1,9 2947,858 2958,865 23,15 65,25 104,38z"/>
   </clipPath>
   <clipPath id="id1">
    <path d="M17747 29699l-17745 0c0,-329 0,-659 0,-988 0,-217 0,-435 0,-653 0,-1711 0,-3422 0,-5132 5915,0 11830,0 17745,0l0 6773zm-3176 -246l0 0c81,-10 252,-7 365,-23 207,-29 555,-95 790,-138 43,-8 1165,-252 1240,-265 196,-32 321,-81 351,-81 2,0 3,0 4,0 3,-19 -114,-95 -148,-107 -164,-58 -257,-43 -260,-51l0 -1c0,0 0,0 0,0 -6,1 -12,1 -18,1l0 0c-193,0 -980,-139 -1730,-278 -749,-140 -1460,-279 -1502,-279 0,0 0,0 -1,0 -45,3 -89,27 -136,30 -52,3 -138,4 -245,4l0 0c-180,0 -418,-3 -645,-7 -226,-4 -440,-8 -573,-8 -50,0 -88,1 -111,2 -26,2 -53,2 -82,2 -36,0 -73,-1 -110,-1 -37,-1 -73,-2 -107,-2 0,0 0,0 0,0 -22,0 -43,0 -62,1 -1,0 312,133 316,135 143,66 2493,997 2503,1005 21,17 125,43 161,61zm-10065 -38l0 0c0,0 0,0 0,0 127,-35 189,-54 373,-68 295,-22 955,-49 1334,-129 69,-14 717,-65 839,-79 329,-36 551,-78 596,-78 1,0 2,0 3,0 1,-14 15,-49 15,-87 0,-48 -24,-102 -133,-120 -286,-48 -502,-65 -502,-80 0,0 0,0 0,0 -490,102 -769,158 -872,179 -73,15 -144,21 -219,36 -200,42 -447,87 -681,128 -4,-7 -7,-13 -11,-19 -111,-176 -611,-193 -946,-193 -82,0 -154,1 -208,1 -130,0 -598,11 -775,128 -56,38 -290,147 -331,147 -558,0 -1115,0 -1672,0 -68,0 -190,0 -257,0 0,34 0,67 0,101 0,27 0,54 0,82l1929 0c1,0 2,0 3,0 45,0 221,-7 465,-17 361,-15 574,-23 794,-29 24,13 75,27 89,36 37,24 105,41 167,61l0 0zm5655 -55l0 0c78,-22 116,-34 230,-42 182,-14 585,-168 819,-217 43,-9 570,-179 642,-202 196,-61 314,-130 339,-130 0,0 1,0 1,0 1,-20 -126,-78 -161,-85 -69,-14 -125,-18 -167,-18 -25,0 -45,1 -60,3 -16,1 -27,2 -33,2 -4,0 -5,0 -5,-2 0,0 0,0 0,0l0 0c-13,3 -29,4 -50,4 -232,0 -957,-165 -1636,-331 -679,-165 -1313,-331 -1365,-331 -1,0 -2,0 -2,0 -45,9 -618,169 -664,179 -255,53 -81,25 -256,60 -110,21 -596,188 -694,207l0 0c-1,9 2947,858 2958,865 23,15 65,25 104,38z"/>
   </clipPath>
   <clipPath id="id2">
    <path d="M2988 29364l-1929 0c0,-28 0,-55 0,-82 0,-34 0,-67 0,-101 67,0 189,0 257,0 557,0 1114,0 1672,0 41,0 275,-109 331,-147 177,-117 645,-128 775,-128 54,0 126,-1 208,-1 335,0 835,17 946,193 4,6 7,12 11,19l0 0c-4,-7 -7,-13 -11,-19 -110,-174 -600,-193 -936,-193l-21 0c-77,0 -145,1 -197,1 -130,0 -598,11 -775,128 -56,38 -290,147 -331,147 -558,0 -1115,0 -1672,0 -68,0 -190,0 -257,0l0 183 1932 0c-1,0 -2,0 -3,0z"/>
   </clipPath>
   <clipPath id="id3">
    <path d="M2991 29364l-1932 0 0 -183c67,0 189,0 257,0 557,0 1114,0 1672,0 41,0 275,-109 331,-147 177,-117 645,-128 775,-128 51,0 118,-1 194,-1l3 0 21 0c336,0 826,19 936,193 4,6 7,12 11,19 -251,45 -487,86 -634,115 -178,35 -227,43 -387,74 0,0 0,0 0,0 0,3 5,8 12,12 -220,6 -433,14 -794,29 -244,10 -420,17 -465,17z"/>
   </clipPath>
   <clipPath id="id4">
    <path d="M1046 25808l1 6c2,2 5,3 9,4 4,1 10,0 14,0 11,0 10,-13 10,-21 0,-90 0,-181 0,-272 0,-48 0,-97 0,-145 0,-6 0,-12 0,-17 0,-6 -4,-9 -8,-10 -4,-1 -7,-1 -11,0l-5 0c-6,0 -10,4 -10,9 -1,49 0,97 0,146 0,91 0,181 0,272 0,10 0,19 0,28z"/>
   </clipPath>
   <clipPath id="id5">
    <path d="M1046 26377l1 5c2,3 5,4 9,4 4,1 10,1 14,1 11,0 10,-13 10,-21 0,-91 0,-182 0,-272 0,-49 0,-97 0,-146 0,-6 0,-11 0,-17 0,-6 -4,-8 -8,-9 -4,-1 -7,-1 -11,-1l-5 0c-6,0 -10,5 -10,10 -1,48 0,97 0,145 0,91 0,182 0,273 0,9 0,18 0,28z"/>
   </clipPath>
   <clipPath id="id6">
    <path d="M3324 28980l-4 0 -5 0 -4 0 -5 0 -3 0 -3 0 -3 0 -3 0c0,71 -27,140 -76,192 -43,46 -99,75 -160,86 -15,2 -30,3 -45,3l0 0 -1632 0 -1 0c0,0 -1,0 -4,0 -4,0 -8,0 -14,0 -13,-1 -30,-3 -50,-8 -20,-5 -43,-14 -65,-26 -12,-6 -23,-13 -34,-21 -11,-9 -21,-18 -31,-27 -10,-10 -19,-21 -27,-31 -8,-11 -15,-23 -21,-34 -13,-23 -21,-45 -26,-66 -5,-20 -7,-37 -8,-49 -1,-6 0,-11 -1,-14 0,-3 0,-5 0,-5l0 0c0,0 0,-938 0,-1929 0,-1109 0,-2284 0,-2284l0 0c0,0 0,-1 0,-5 1,-3 0,-8 1,-14 1,-12 3,-29 8,-49 5,-20 13,-43 25,-66 7,-11 14,-22 22,-33 8,-11 17,-21 27,-31 10,-10 20,-19 31,-27 11,-8 22,-15 34,-22 22,-12 45,-20 65,-25 20,-5 37,-7 49,-8 6,-1 11,-1 14,-1 4,0 5,0 5,0l0 0 1633 0 0 0c0,0 2,0 5,0 3,0 8,0 14,1 12,0 29,3 50,8 20,5 42,13 65,25 11,7 23,14 34,22 10,8 21,17 31,27 9,10 18,20 27,31 8,11 15,22 21,33 12,23 21,46 26,66 5,20 7,37 8,49 0,6 0,11 0,14 0,3 0,5 0,5l0 0c0,0 0,708 0,2124 0,579 0,1275 0,2089l3 0 3 0 3 0 3 0 5 0 4 0 5 0 4 0c0,-814 0,-1510 0,-2089 0,-1416 0,-2124 0,-2124l0 0c0,0 0,-2 0,-5 0,-4 0,-9 -1,-16 0,-13 -3,-32 -8,-54 -6,-23 -15,-48 -29,-73 -7,-12 -15,-25 -24,-37 -9,-12 -19,-23 -29,-34 -11,-11 -23,-21 -35,-30 -12,-9 -24,-17 -37,-24 -25,-13 -50,-23 -72,-28 -22,-6 -41,-8 -55,-9 -6,0 -12,0 -15,0 -4,0 -6,0 -6,0l0 0 -1633 0 0 0c0,0 -2,0 -5,0 -4,0 -9,0 -16,0 -13,1 -32,3 -54,9 -22,5 -48,15 -73,28 -12,7 -25,15 -37,24 -12,9 -23,19 -34,30 -11,11 -21,22 -30,34 -9,12 -17,25 -24,37 -13,25 -22,51 -28,73 -5,22 -8,41 -9,54 0,7 0,12 0,16 0,3 0,5 0,5l0 0c0,0 0,1175 0,2284 0,991 0,1929 0,1929l0 0c0,0 0,2 0,6 0,3 0,9 0,15 1,13 4,32 9,55 6,22 15,47 29,72 6,13 14,25 23,37 9,12 19,24 30,35 11,10 22,20 34,29 12,9 25,17 37,24 26,14 51,23 73,28 22,6 41,8 55,9 6,1 11,1 15,1 4,0 5,0 5,0l1 0 1632 0 0 0c17,-1 33,-1 49,-4 68,-12 130,-44 178,-95 41,-43 69,-99 79,-158 3,-18 5,-36 5,-54z"/>
   </clipPath>
   <clipPath id="id7">
    <path d="M1187 29156c11,11 22,20 35,29 22,15 47,26 73,33 20,6 41,9 62,9 560,0 1120,0 1679,0 34,0 66,-7 95,-20 15,-6 29,-14 42,-23 12,-8 24,-18 34,-28 44,-44 71,-105 71,-171 0,-8 0,-16 0,-23 0,-1400 0,-2800 0,-4200 0,-66 -27,-127 -71,-170 -10,-11 -22,-20 -34,-29 -13,-9 -27,-16 -42,-23 -29,-12 -61,-19 -95,-19 -559,0 -1119,0 -1679,0 -21,0 -42,3 -62,8 -26,7 -51,18 -73,33 -13,9 -24,19 -35,30 -44,43 -71,104 -71,170 0,1400 0,2800 0,4200 0,7 0,15 0,23 0,66 27,127 71,171z"/>
   </clipPath>
   <clipPath id="id8">
    <path d="M4506 29415l0 0c0,0 0,0 0,0l0 0c0,0 0,0 0,0l0 0zm753 -298l0 0c234,-41 481,-86 681,-128 75,-15 146,-21 219,-36 103,-21 382,-77 872,-179l0 0c-490,102 -769,158 -872,179 -73,15 -144,21 -219,36 -200,42 -447,87 -681,128z"/>
   </clipPath>
   <clipPath id="id9">
    <path d="M4506 29415l0 0c-62,-20 -130,-37 -167,-61 -14,-9 -65,-23 -89,-36 260,-8 530,-14 1067,-27l0 0c0,-24 -31,-120 -58,-174 234,-41 481,-86 681,-128 75,-15 146,-21 219,-36 103,-21 382,-77 872,-179 0,0 0,0 0,0 0,15 216,32 502,80 109,18 133,72 133,120 0,38 -14,73 -15,87 -1,0 -2,0 -3,0 -45,0 -267,42 -596,78 -122,14 -770,65 -839,79 -379,80 -1039,107 -1334,129 -184,14 -246,33 -373,68l0 0zm2525 -641l0 0z"/>
   </clipPath>
   <clipPath id="id10">
    <path d="M5317 29291l0 -1c0,-25 -31,-119 -58,-173l0 0c27,54 58,150 58,174l0 0z"/>
   </clipPath>
   <clipPath id="id11">
    <path d="M4250 29318c-7,-4 -12,-9 -12,-12 0,0 0,0 0,0 160,-31 209,-39 387,-74 147,-29 383,-70 634,-115 27,54 58,148 58,173l0 1c-537,13 -807,19 -1067,27z"/>
   </clipPath>
   <clipPath id="id12">
    <path d="M6286 28750l-2 0 -2 0 0 1 -1 0 -4 0 -4 1 -5 1 -3 0 -3 1 -3 0 -3 1c6,64 -17,131 -62,187 -39,48 -93,85 -155,105 -15,5 -30,8 -45,11l0 0 -1158 199 -1 0c0,0 -2,0 -5,0 -4,1 -10,2 -17,3 -14,1 -34,3 -57,2 -24,-1 -52,-5 -79,-12 -14,-4 -28,-9 -42,-15 -13,-6 -26,-13 -39,-21 -12,-7 -23,-16 -34,-25 -10,-10 -20,-19 -28,-29 -17,-21 -29,-42 -36,-61 -8,-19 -12,-36 -13,-48 -2,-5 -2,-10 -2,-13 -1,-4 -1,-5 -1,-5l0 0c0,0 -84,-1062 -162,-2047 -41,-509 -83,-1041 -117,-1467 -39,-498 -67,-851 -67,-851l0 0c-1,-12 -1,-23 0,-35 4,-61 37,-118 86,-157 52,-40 117,-61 186,-64 13,0 27,0 41,1l0 0 1177 82 0 0c0,0 2,0 5,0 3,1 8,1 15,2 12,1 30,5 51,10 21,6 45,16 69,28 12,7 25,14 36,22 12,8 23,17 34,27 11,9 20,19 30,30 8,10 17,21 24,31 14,22 24,43 30,61 7,19 10,34 12,45 1,6 1,10 2,13l0 4 0 0c0,0 56,690 159,1972 43,523 104,1275 163,2015l3 -1 3 0 3 -1 3 0 5 -1 4 -1 4 0 1 0 0 -1 2 0 2 0c-60,-738 -121,-1489 -163,-2012 -104,-1279 -159,-1968 -159,-1968l0 0c0,0 0,-2 -1,-5 0,-3 0,-8 -2,-14 -1,-12 -5,-29 -12,-50 -7,-20 -19,-43 -34,-67 -8,-11 -17,-23 -27,-35 -10,-11 -21,-22 -32,-33 -12,-10 -25,-20 -37,-29 -13,-9 -27,-17 -40,-24 -27,-14 -53,-25 -76,-31 -24,-7 -44,-10 -57,-12 -7,-1 -13,-1 -17,-2 -3,0 -5,0 -5,0l0 0 -1177 -84 0 0c0,0 -2,0 -7,0 -4,0 -10,-1 -19,-1 -16,-1 -41,-1 -73,2 -32,2 -71,7 -110,17 -19,5 -38,11 -56,18 -15,6 -29,13 -42,21 -16,9 -30,20 -42,32 -43,42 -66,99 -70,157 0,13 0,25 1,38l0 0c0,0 28,353 67,851 34,427 76,959 117,1468 78,986 162,2047 162,2047l0 0c0,0 0,2 1,6 0,3 1,9 2,15 3,13 8,32 19,53 11,21 28,45 51,68 12,11 25,22 40,32 14,11 30,20 47,29 17,9 35,16 53,23 18,7 36,12 55,17 36,9 71,13 101,14 29,1 53,0 69,-2 8,-1 14,-2 18,-2 5,-1 7,-1 7,-1l0 0 1158 -200 0 0c17,-4 34,-7 50,-13 68,-22 128,-63 172,-117 37,-46 61,-101 67,-156 2,-17 2,-34 1,-50z"/>
   </clipPath>
   <clipPath id="id13">
    <path d="M4600 29191c14,8 29,16 44,22 28,10 57,17 89,18 23,2 48,0 73,-4 649,-110 638,-108 1209,-205 34,-5 67,-17 95,-34 14,-8 28,-18 40,-28 12,-10 23,-20 32,-32 41,-47 63,-106 58,-166 0,-7 -1,-15 -1,-22 -103,-1272 -220,-2713 -322,-3977 -5,-60 -37,-116 -84,-159 -12,-10 -24,-19 -37,-28 -14,-9 -29,-17 -44,-23 -31,-14 -65,-23 -100,-25 -579,-39 -568,-39 -1227,-83 -25,-2 -50,-1 -73,3 -31,5 -59,14 -84,27 -15,7 -28,16 -41,26 -49,40 -77,98 -72,163 110,1386 235,2952 345,4347 1,8 2,16 2,23 6,67 43,122 98,157z"/>
   </clipPath>
   <clipPath id="id14">
    <path d="M4141 25751l3 5c2,3 6,4 10,5 6,0 12,0 17,0 14,0 11,-13 10,-21 -7,-90 -14,-180 -21,-270 -4,-48 -8,-97 -12,-145 0,-5 0,-11 -1,-17 0,-5 -5,-8 -10,-9 -4,-1 -9,-1 -13,-1l-7 0c-6,0 -11,4 -11,9 3,48 8,97 12,145 7,90 14,181 21,271 1,9 2,19 2,28z"/>
   </clipPath>
   <clipPath id="id15">
    <path d="M4186 26317l3 6c2,2 6,3 10,4 6,0 12,-1 17,-1 14,0 11,-13 10,-21 -7,-90 -14,-180 -21,-270 -4,-49 -8,-97 -12,-145 0,-6 -1,-11 -1,-17 -1,-6 -5,-8 -10,-9 -4,-1 -9,-1 -13,-1l-7 0c-6,0 -11,5 -11,10 3,48 8,97 11,145 8,90 15,181 22,271 1,10 1,19 2,28z"/>
   </clipPath>
   <clipPath id="id16">
    <path d="M14571 29453l0 0c0,0 0,0 0,0 81,-10 252,-7 365,-23 207,-29 555,-95 790,-138 43,-8 1165,-252 1240,-265 196,-32 321,-81 351,-81 -30,0 -155,49 -351,81 -75,13 -1197,257 -1240,265 -235,43 -583,109 -790,138 -113,16 -284,13 -365,23zm2750 -507c0,0 0,0 0,0 3,-19 -114,-95 -148,-107 -164,-58 -257,-43 -260,-51l0 -1c0,0 0,0 0,0l0 1c3,8 96,-7 260,51 34,12 151,88 148,107zm-426 -158c-193,0 -980,-139 -1730,-278 -749,-140 -1460,-279 -1502,-279 42,0 753,139 1502,279 750,139 1537,278 1730,278l0 0zm-3614 -523c-180,0 -418,-3 -645,-7 -226,-4 -440,-8 -573,-8 133,0 347,4 573,8 227,4 465,7 645,7l0 0zm-1411 -11c-36,0 -73,-1 -110,-1 -37,-1 -73,-2 -107,-2 0,0 0,0 0,0 34,0 70,1 107,2 37,0 74,1 110,1l0 0z"/>
   </clipPath>
   <clipPath id="id17">
    <path d="M14571 29453c-36,-18 -140,-44 -161,-61 -10,-8 -2360,-939 -2503,-1005 -4,-2 -317,-135 -316,-135 19,-1 40,-1 62,-1 34,0 70,1 107,2 37,0 74,1 110,1 29,0 56,0 82,-2 23,-1 61,-2 111,-2 133,0 347,4 573,8 227,4 465,7 645,7l0 0c107,0 193,-1 245,-4 47,-3 91,-27 136,-30 1,0 1,0 1,0 42,0 753,139 1502,279 750,139 1537,278 1730,278l0 0c6,0 12,0 18,-1l0 1c3,8 96,-7 260,51 33,12 147,85 148,106l0 0 0 1c-1,0 -2,0 -4,0 -30,0 -155,49 -351,81 -75,13 -1197,257 -1240,265 -235,43 -583,109 -790,138 -113,16 -284,13 -365,23z"/>
   </clipPath>
   <clipPath id="id18">
    <path d="M16793 28634l-2 0 -1 0 -3 1 -1 0 -1 0 -5 1 -4 1 -3 0 -2 1 -3 0 -3 1c62,17 109,58 108,80 -1,13 -14,26 -39,37 -26,11 -53,17 -81,23l0 0c0,0 -356,68 -743,142 -456,87 -955,182 -955,182l0 0c-16,3 -32,6 -48,8 -80,11 -162,14 -243,12 -74,-2 -149,-8 -220,-26 -15,-4 -29,-8 -42,-13l-1 0c0,0 -289,-114 -654,-254 -208,-81 -440,-169 -656,-251 -474,-179 -879,-342 -1073,-422 -40,-16 -81,-33 -121,-50 -11,-4 -27,-10 -30,-23 -3,-14 17,-24 27,-28 14,-7 29,-12 44,-16 27,-7 55,-12 84,-16l0 -1 1394 -198 0 0 5 -1c2,0 6,-1 11,-1 11,-2 26,-3 45,-5 19,-2 42,-3 66,-4 13,0 26,-1 39,-1 13,0 26,0 39,1 13,0 26,1 38,1 13,1 24,2 35,3 22,2 41,4 56,6 14,3 25,5 32,7 4,1 6,1 8,2l3 0 0 0c0,0 319,90 1272,357 389,109 890,250 1600,449l3 -1 3 0 2 -1 3 0 4 -1 5 -1 1 0 1 0 3 -1 1 0 2 0c-711,-199 -1212,-339 -1602,-448 -954,-267 -1274,-356 -1274,-356l0 0 -3 -1c-2,0 -5,-1 -9,-2 -7,-2 -19,-4 -36,-7 -16,-3 -37,-5 -61,-8 -12,-1 -25,-1 -39,-2 -13,-1 -27,-1 -42,-2 -14,0 -29,0 -43,0 -14,0 -29,0 -42,1 -28,1 -53,2 -74,4 -21,2 -38,4 -49,5 -6,1 -10,1 -13,2l-5 0 0 0 -1393 199 0 0 -5 0c-3,1 -8,2 -14,3 -12,1 -29,5 -48,9 -19,4 -40,9 -58,15 -9,3 -18,7 -25,10 -8,3 -14,6 -20,10 -5,3 -9,6 -12,9 -2,4 -4,7 -5,10l0 5c1,4 -9,126 8,146 31,36 64,53 120,80 198,100 623,271 1096,450 216,81 444,171 646,253 355,142 632,259 632,259l0 0c0,0 147,61 292,68 98,6 282,10 368,-16 1,0 502,-105 960,-201 388,-81 746,-156 746,-156l0 0c16,-3 117,-43 130,-72 22,-54 7,-154 8,-168 0,-18 -31,-47 -84,-77 -17,-9 -34,-18 -50,-22z"/>
   </clipPath>
   <clipPath id="id19">
    <path d="M14749 29089c21,1 42,1 63,1 36,0 72,-1 107,-5 26,-2 52,-6 76,-10 612,-116 1190,-224 1738,-328 33,-6 58,-13 75,-22 9,-4 15,-9 20,-13 4,-5 7,-9 8,-14 3,-19 -25,-39 -82,-55 -7,-2 -14,-4 -21,-6 -1217,-342 -2111,-593 -2856,-802 -35,-10 -89,-16 -148,-17 -14,-1 -28,-1 -42,-1 -16,1 -31,1 -46,2 -30,1 -60,4 -88,8 -459,66 -937,134 -1436,205 -19,3 -37,6 -52,9 -20,5 -37,10 -50,15 -8,3 -14,7 -19,10 -20,13 -17,27 14,38 644,242 1422,535 2508,942 6,3 12,5 18,7 52,20 130,32 213,36z"/>
   </clipPath>
   <clipPath id="id20">
    <path d="M12385 28414l3 -2c2,-2 3,-8 4,-14 1,-9 1,-20 2,-28 2,-22 -6,-22 -10,-23 -51,-20 -102,-39 -154,-59 -28,-11 -56,-21 -84,-32 -3,-1 -6,-2 -9,-4 -4,-1 -5,6 -5,15 -1,7 0,14 0,21 0,5 0,8 0,11 1,11 3,21 6,22 28,12 55,21 82,31 50,19 100,38 150,57 5,1 10,3 15,5z"/>
   </clipPath>
   <clipPath id="id21">
    <path d="M12686 28532l4 -2c2,-2 4,-8 6,-14 3,-8 5,-18 7,-25 5,-21 -3,-22 -7,-24 -54,-20 -107,-40 -161,-61 -29,-11 -58,-21 -87,-33 -3,-1 -7,-2 -10,-3 -3,-2 -5,5 -5,15 0,6 0,14 0,21 0,4 1,8 1,11 0,11 3,20 6,22 27,11 54,20 81,30 50,19 100,38 150,57 5,2 10,4 15,6z"/>
   </clipPath>
   <clipPath id="id22">
    <path d="M12192 28769c0,0 0,0 0,0l0 0c-1,-21 -126,-78 -161,-85 -69,-14 -125,-18 -167,-18 -25,0 -45,1 -60,3 -16,1 -27,2 -33,2 -4,0 -5,0 -5,-2 0,2 1,2 5,2 6,0 17,-1 33,-2 15,-2 35,-3 60,-3 42,0 98,4 167,18 35,7 162,65 161,85l0 0zm-476 -96c-232,0 -957,-165 -1636,-331 -676,-165 -1308,-330 -1365,-331l-1 0c0,0 -1,0 -1,0 -45,9 -618,169 -664,179 -255,53 -81,25 -256,60 -110,21 -596,188 -694,207l0 0c98,-19 584,-186 694,-207 175,-35 1,-7 256,-60 46,-10 619,-170 664,-179 0,0 1,0 2,0 52,0 686,166 1365,331 679,166 1404,331 1636,331 21,0 37,-1 50,-4l0 0c-13,3 -29,4 -50,4z"/>
   </clipPath>
   <clipPath id="id23">
    <path d="M10161 29360l0 0c-39,-13 -81,-23 -104,-38 -11,-7 -2959,-856 -2958,-865 98,-19 584,-186 694,-207 175,-35 1,-7 256,-60 46,-10 619,-170 664,-179 0,0 1,0 1,0l1 0c57,1 689,166 1365,331 679,166 1404,331 1636,331 21,0 37,-1 50,-4 0,0 0,0 0,0 0,2 1,2 5,2 6,0 17,-1 33,-2 15,-2 35,-3 60,-3 42,0 98,4 167,18 35,7 160,64 161,85l0 0c0,0 -1,0 -1,0 -25,0 -143,69 -339,130 -72,23 -599,193 -642,202 -234,49 -637,203 -819,217 -114,8 -152,20 -230,42z"/>
   </clipPath>
   <clipPath id="id24">
    <path d="M11648 28411l-2 0 -1 0 -1 1 -1 0 0 0 -1 0 -3 1 -4 1 -2 1 -2 0 -2 1 -2 0c64,48 117,91 129,136 11,40 0,83 -34,108 -8,6 -19,11 -29,14l0 0 -1310 403 0 0c-16,4 -32,7 -48,8 -79,6 -158,-19 -230,-51 -73,-32 -143,-73 -207,-122 -12,-9 -24,-19 -36,-28 0,0 -849,-729 -1581,-1357 -276,-236 -537,-461 -763,-654 -443,-380 -746,-640 -746,-640l0 0c-17,-15 -33,-32 -44,-53 -8,-17 -13,-35 -8,-53 4,-17 15,-31 28,-42 26,-19 58,-27 89,-30l0 0 1284 -55 0 0 3 0c3,0 6,0 11,0 9,-1 23,-1 40,0 17,1 38,4 61,8 12,2 24,5 36,8 12,3 24,6 37,10 12,4 24,8 36,13 12,4 23,9 34,13 22,10 41,20 56,29 16,9 28,16 35,22 4,2 7,5 9,6l3 2 0 0c0,0 397,280 1440,1058 426,317 971,701 1705,1247l2 0 2 -1 2 0 2 -1 4 -1 3 -1 1 0 0 0 1 0 1 -1 1 0 2 0c-733,-546 -1279,-929 -1705,-1246 -1043,-776 -1439,-1056 -1439,-1056l0 0 -4 -2c-2,-2 -5,-4 -10,-7 -8,-6 -21,-15 -38,-24 -17,-10 -39,-21 -63,-32 -12,-5 -24,-10 -37,-15 -14,-5 -27,-9 -41,-14 -13,-4 -27,-8 -40,-11 -14,-3 -27,-6 -40,-9 -25,-4 -49,-7 -68,-8 -19,-1 -34,-1 -44,-1 -5,0 -9,1 -12,1l-4 0 0 0 -1283 54 0 0c-26,0 -48,4 -68,11 -87,31 -110,118 -104,200 3,33 14,66 39,88l0 0c0,0 302,283 743,678 225,202 486,432 762,669 732,629 1581,1376 1581,1376l0 1c0,0 144,128 299,184 152,55 285,26 319,13l0 0 1311 -431 0 0c12,-4 24,-14 36,-27 47,-54 76,-170 53,-241 -13,-38 -48,-77 -96,-116 -15,-11 -30,-23 -47,-35z"/>
   </clipPath>
   <clipPath id="id25">
    <path d="M10173 29033c19,6 39,11 59,15 33,6 66,9 96,8 22,-1 44,-4 63,-9 493,-141 890,-278 1303,-395 24,-8 42,-19 51,-34 5,-7 8,-16 9,-24 1,-9 1,-18 -1,-27 -8,-39 -20,-78 -80,-123 -7,-5 -36,-28 -43,-33 -1271,-928 -2303,-1689 -3157,-2314 -41,-30 -99,-51 -158,-68 -14,-4 -28,-8 -42,-11 -14,-3 -29,-5 -43,-7 -29,-4 -57,-6 -82,-3 -411,34 -826,24 -1299,64 -18,1 -35,4 -49,8 -18,6 -32,13 -42,22 -6,5 -10,11 -13,17 -13,25 -1,57 38,91 829,709 1877,1600 3148,2689 7,6 14,12 21,18 60,52 141,93 221,116z"/>
   </clipPath>
   <clipPath id="id26">
    <path d="M7324 26869l4 0c3,-2 6,-7 8,-14 3,-8 6,-19 9,-26 7,-23 -3,-27 -8,-32 -61,-53 -122,-106 -183,-159 -33,-29 -67,-58 -100,-87 -4,-3 -8,-6 -11,-10 -4,-3 -7,3 -10,12 -2,7 -3,16 -4,23 -1,5 -1,9 -2,12 -2,12 -1,24 3,27 32,29 65,56 97,83 60,52 119,104 178,155 7,5 13,10 19,16z"/>
   </clipPath>
   <clipPath id="id27">
    <path d="M7682 27183l6 1c3,-1 6,-5 10,-10 5,-8 10,-17 14,-23 12,-19 1,-25 -4,-29 -64,-55 -127,-111 -192,-166 -34,-30 -68,-60 -103,-90 -4,-3 -8,-7 -12,-10 -4,-4 -7,2 -10,12 -1,7 -3,16 -4,23 -1,4 -1,8 -2,12 -2,11 0,23 3,26 32,29 65,56 97,84 60,51 120,103 179,154 6,6 12,11 18,16z"/>
   </clipPath>
 </defs>
 <g id="Layer_x0020_1">
  <metadata id="CorelCorpID_0Corel-Layer"/>
  <g style="clip-path:url(#id0)">
   <image transform="matrix(1 -0 -0 -1 2.18 27158.8)" x="0" y="0" width="17747" height="4234" xlink:href="1328_Images\1328_ImgID1.png"/>
  </g>
  <g style="clip-path:url(#id1)">
   <image transform="matrix(1 -0 -0 -1 2.18 29698.8)" x="0" y="0" width="17747" height="2558" xlink:href="1328_Images\1328_ImgID2.png"/>
  </g>
  <g style="clip-path:url(#id2)">
   <image transform="matrix(1 -0 -0 -1 1033.42 29394)" x="0" y="0" width="4252" height="511" xlink:href="1328_Images\1328_ImgID3.png"/>
  </g>
  <g style="clip-path:url(#id3)">
   <image transform="matrix(1 -0 -0 -1 1033.42 29394)" x="0" y="0" width="4252" height="511" xlink:href="1328_Images\1328_ImgID4.png"/>
  </g>
  <path class="fil0" d="M3309 28980c0,163 -133,296 -296,296l-1633 0c-162,0 -296,-133 -296,-296l0 -4213c0,-162 134,-296 296,-296l1633 0c163,0 296,134 296,296l0 4213z"/>
  <g style="clip-path:url(#id4)">
   <image transform="matrix(1 -0 -0 -1 1043.58 25820.3)" x="0" y="0" width="38.1" height="469.9" xlink:href="1328_Images\1328_ImgID5.png"/>
  </g>
  <g style="clip-path:url(#id5)">
   <image transform="matrix(1 -0 -0 -1 1043.58 26389.2)" x="0" y="0" width="38.1" height="469.9" xlink:href="1328_Images\1328_ImgID6.png"/>
  </g>
  <g style="clip-path:url(#id6)">
   <image transform="matrix(1 -0 -0 -1 1068.98 29292.4)" x="0" y="0" width="2256" height="4836" xlink:href="1328_Images\1328_ImgID7.png"/>
  </g>
  <g style="clip-path:url(#id7)">
   <image transform="matrix(1 -0 -0 -1 1114.7 29228.9)" x="0" y="0" width="2164" height="4709" xlink:href="1328_Images\1328_ImgID8.png"/>
  </g>
  <g style="clip-path:url(#id8)">
   <image transform="matrix(1 -0 -0 -1 4472.58 29444.8)" x="0" y="0" width="2593" height="696" xlink:href="1328_Images\1328_ImgID9.png"/>
  </g>
  <g style="clip-path:url(#id9)">
   <image transform="matrix(1 -0 -0 -1 4218.59 29444.8)" x="0" y="0" width="3472" height="696" xlink:href="1328_Images\1328_ImgID10.png"/>
  </g>
  <g style="clip-path:url(#id10)">
   <image transform="matrix(1 -0 -0 -1 5234.58 29310.2)" x="0" y="0" width="104" height="221" xlink:href="1328_Images\1328_ImgID11.png"/>
  </g>
  <g style="clip-path:url(#id11)">
   <image transform="matrix(1 -0 -0 -1 4218.58 29343.2)" x="0" y="0" width="1118" height="254" xlink:href="1328_Images\1328_ImgID12.png"/>
  </g>
  <path class="fil0" d="M6271 28752c12,148 -111,292 -276,320l-1158 199c-191,33 -360,-73 -372,-236l-347 -4368c-13,-161 137,-282 330,-268l1177 82c167,12 312,142 324,288l322 3983z"/>
  <g style="clip-path:url(#id12)">
   <image transform="matrix(1 -0 -0 -1 4025.54 29292.4)" x="0" y="0" width="2266" height="4912" xlink:href="1328_Images\1328_ImgID13.png"/>
  </g>
  <g style="clip-path:url(#id13)">
   <image transform="matrix(1 -0 -0 -1 4152.54 29234)" x="0" y="0" width="2090" height="4793" xlink:href="1328_Images\1328_ImgID14.png"/>
  </g>
  <g style="clip-path:url(#id14)">
   <image transform="matrix(1 -0 -0 -1 4104.28 25761.8)" x="0" y="0" width="78.74" height="464.82" xlink:href="1328_Images\1328_ImgID15.png"/>
  </g>
  <g style="clip-path:url(#id15)">
   <image transform="matrix(1 -0 -0 -1 4150 26328.3)" x="0" y="0" width="78.74" height="467.36" xlink:href="1328_Images\1328_ImgID16.png"/>
  </g>
  <g style="clip-path:url(#id16)">
   <image transform="matrix(1 -0 -0 -1 11635.4 29480.4)" x="0" y="0" width="5707" height="1273" xlink:href="1328_Images\1328_ImgID17.png"/>
  </g>
  <g style="clip-path:url(#id17)">
   <image transform="matrix(1 -0 -0 -1 11566.8 29480.4)" x="0" y="0" width="5776" height="1273" xlink:href="1328_Images\1328_ImgID18.png"/>
  </g>
  <path class="fil1" d="M16779 28636c144,41 160,123 1,153l-1735 341c-179,34 -434,22 -562,-26l-2500 -995c-74,-28 -13,-67 132,-88l1394 -198c133,-19 310,-15 396,9l2874 804z"/>
  <g style="clip-path:url(#id18)">
   <image transform="matrix(1 -0 -0 -1 11917.3 29350.9)" x="0" y="0" width="5014" height="1544" xlink:href="1328_Images\1328_ImgID19.png"/>
  </g>
  <g style="clip-path:url(#id19)">
   <image transform="matrix(1 -0 -0 -1 11975.8 29091.8)" x="0" y="0" width="4864" height="1275" xlink:href="1328_Images\1328_ImgID20.png"/>
  </g>
  <path class="fil2" d="M15228 29197c-1,19 -17,37 -36,41 -18,4 -31,-9 -29,-28 1,-19 17,-37 36,-41 18,-3 31,9 29,28z"/>
  <path class="fil2" d="M15321 29178c-1,19 -17,37 -35,41 -18,4 -31,-9 -29,-28 1,-19 17,-37 35,-40 18,-4 31,8 29,27z"/>
  <path class="fil2" d="M15413 29160c-1,18 -17,36 -34,40 -18,4 -31,-9 -29,-27 1,-19 17,-37 34,-41 18,-3 31,9 29,28z"/>
  <path class="fil2" d="M15504 29142c-2,18 -17,36 -34,39 -18,4 -30,-8 -29,-27 2,-18 17,-36 34,-40 18,-3 30,9 29,28z"/>
  <path class="fil2" d="M15593 29124c-1,18 -16,36 -33,39 -18,4 -30,-9 -29,-27 2,-18 17,-36 34,-39 17,-4 29,8 28,27z"/>
  <path class="fil2" d="M16400 28962c-1,17 -14,34 -30,37 -15,3 -27,-8 -26,-26 1,-17 15,-34 30,-37 15,-3 27,9 26,26z"/>
  <path class="fil2" d="M16479 28946c-1,17 -14,34 -29,37 -15,3 -27,-9 -26,-26 1,-17 14,-34 29,-37 15,-3 27,9 26,26z"/>
  <path class="fil2" d="M16557 28930c-1,17 -14,34 -29,37 -15,3 -26,-8 -25,-26 1,-17 13,-33 28,-36 15,-3 27,8 26,25z"/>
  <path class="fil2" d="M16634 28915c-1,17 -14,33 -29,36 -14,3 -26,-8 -25,-25 1,-17 14,-33 28,-36 15,-3 26,8 26,25z"/>
  <path class="fil2" d="M16709 28900c0,17 -13,33 -27,36 -15,3 -26,-9 -25,-26 1,-17 13,-33 28,-35 14,-3 25,8 24,25z"/>
  <path class="fil3" d="M15210 29169c7,4 12,14 11,25 -2,19 -18,37 -36,41 -4,1 -8,1 -11,0 5,3 11,4 18,3 19,-4 35,-22 36,-41 2,-15 -6,-26 -18,-28z"/>
  <path class="fil3" d="M15303 29150c8,5 12,14 11,25 -1,19 -17,37 -35,41 -4,1 -7,1 -11,0 5,3 11,4 18,3 18,-4 34,-22 35,-41 2,-15 -6,-26 -18,-28z"/>
  <path class="fil3" d="M15395 29132c8,4 12,13 11,25 -1,18 -17,37 -34,40 -4,1 -8,1 -11,0 5,3 11,4 18,3 17,-4 33,-22 34,-41 2,-14 -6,-25 -18,-27z"/>
  <path class="fil3" d="M15485 29114c8,4 13,13 12,25 -2,18 -17,36 -34,40 -4,0 -8,0 -11,0 5,3 11,4 18,2 17,-3 32,-21 34,-40 1,-14 -7,-25 -19,-27z"/>
  <path class="fil3" d="M15575 29096c7,5 12,13 11,25 -2,18 -17,36 -34,39 -3,1 -7,1 -10,0 5,3 11,4 18,3 17,-4 32,-21 33,-40 1,-14 -7,-25 -18,-27z"/>
  <path class="fil4" d="M16382 28936c7,4 11,12 11,23 -1,17 -15,34 -30,37l-8 0c4,3 9,4 15,3 16,-3 29,-20 30,-37 1,-14 -7,-25 -18,-26z"/>
  <path class="fil4" d="M16461 28920c7,4 11,13 11,23 -1,17 -14,34 -29,37l-9 0c5,3 10,4 16,3 15,-3 28,-20 29,-37 1,-14 -7,-24 -18,-26z"/>
  <path class="fil4" d="M16539 28904c7,5 11,13 11,24 -1,17 -14,33 -29,36l-8 0c4,3 9,4 15,3 15,-3 28,-20 29,-37 0,-14 -7,-24 -18,-26z"/>
  <path class="fil4" d="M16616 28889c7,4 11,13 10,23 0,17 -13,33 -28,36l-7 1c4,2 9,3 14,2 15,-3 28,-19 29,-36 0,-14 -7,-24 -18,-26z"/>
  <path class="fil4" d="M16692 28874c7,4 11,12 10,23 -1,17 -13,33 -28,36l-7 0c4,3 9,3 15,2 14,-3 27,-19 27,-36 1,-13 -6,-23 -17,-25z"/>
  <g style="clip-path:url(#id20)">
   <image transform="matrix(1 -0 -0 -1 12130.7 28416.1)" x="0" y="0" width="267" height="165" xlink:href="1328_Images\1328_ImgID21.png"/>
  </g>
  <g style="clip-path:url(#id21)">
   <image transform="matrix(1 -0 -0 -1 12430.4 28533)" x="0" y="0" width="277" height="165" xlink:href="1328_Images\1328_ImgID22.png"/>
  </g>
  <g style="clip-path:url(#id22)">
   <image transform="matrix(1 -0 -0 -1 7078.62 28802.2)" x="0" y="0" width="5133" height="815" xlink:href="1328_Images\1328_ImgID23.png"/>
  </g>
  <g style="clip-path:url(#id23)">
   <image transform="matrix(1 -0 -0 -1 7078.62 29378.8)" x="0" y="0" width="5133" height="1392" xlink:href="1328_Images\1328_ImgID24.png"/>
  </g>
  <path class="fil1" d="M11638 28412c148,110 185,236 66,270l-1303 399c-144,42 -402,-67 -552,-195l-3090 -2653c-95,-82 -58,-171 80,-183l1280 -60c119,-10 290,55 389,129l997 748 2133 1545z"/>
  <g style="clip-path:url(#id24)">
   <image transform="matrix(1 -0 -0 -1 6644.28 29282.3)" x="0" y="0" width="5156" height="3299" xlink:href="1328_Images\1328_ImgID25.png"/>
  </g>
  <g style="clip-path:url(#id25)">
   <image transform="matrix(1 -0 -0 -1 6730.65 29058.8)" x="0" y="0" width="5027" height="3056" xlink:href="1328_Images\1328_ImgID26.png"/>
  </g>
  <g style="clip-path:url(#id26)">
   <image transform="matrix(1 -0 -0 -1 7025.28 26871.8)" x="0" y="0" width="325" height="333" xlink:href="1328_Images\1328_ImgID27.png"/>
  </g>
  <g style="clip-path:url(#id27)">
   <image transform="matrix(1 -0 -0 -1 7383.42 27186.8)" x="0" y="0" width="335" height="333" xlink:href="1328_Images\1328_ImgID28.png"/>
  </g>
  <path class="fil2" d="M10557 29147c0,15 -13,30 -29,35 -16,4 -29,-4 -29,-19 0,-15 14,-31 29,-35 16,-5 28,4 29,19z"/>
  <path class="fil2" d="M10634 29123c1,15 -11,31 -26,36 -15,4 -27,-4 -27,-19 -1,-15 11,-31 26,-36 14,-5 27,3 27,19z"/>
  <path class="fil2" d="M10710 29095c1,15 -11,31 -25,37 -15,6 -27,-2 -28,-18 0,-15 11,-32 26,-37 15,-5 27,3 27,18z"/>
  <path class="fil2" d="M10786 29071c0,15 -10,30 -25,34 -14,5 -27,-3 -27,-18 -1,-15 11,-31 25,-35 14,-4 26,5 27,19z"/>
  <path class="fil2" d="M10859 29052c1,15 -10,30 -24,34 -14,3 -26,-6 -27,-21 -1,-14 10,-30 24,-35 14,-4 25,6 27,22z"/>
  <path class="fil3" d="M10538 29126c7,3 12,10 12,19 0,15 -12,30 -28,35 -4,1 -7,2 -10,1 4,2 10,2 16,0 16,-4 29,-20 29,-34 0,-12 -8,-20 -19,-21z"/>
  <path class="fil3" d="M10616 29102c7,3 11,10 12,20 0,15 -11,31 -26,35 -3,1 -6,2 -9,1 4,2 10,2 15,1 15,-5 27,-21 26,-36 0,-12 -8,-20 -18,-21z"/>
  <path class="fil3" d="M10692 29075c7,3 11,9 12,18 0,15 -11,32 -26,38l-9 2c5,1 10,1 16,-1 14,-6 26,-23 25,-38 0,-11 -8,-19 -18,-19z"/>
  <path class="fil3" d="M10768 29051c6,3 11,10 11,19 0,19 -10,30 -24,34l-9 1c4,2 10,2 15,0 15,-4 25,-19 25,-34 -1,-11 -8,-19 -18,-20z"/>
  <path class="fil3" d="M10840 29029c7,4 11,11 12,21 1,15 -9,30 -23,34l-9 0c5,2 10,3 15,2 14,-4 25,-19 23,-35 0,-12 -8,-21 -18,-22z"/>
  <path class="fil2" d="M11386 28880c1,14 -8,28 -21,32 -13,5 -24,-3 -25,-17 -1,-14 9,-29 22,-33 12,-4 23,4 24,18z"/>
  <path class="fil2" d="M11452 28859c1,14 -9,28 -21,32 -13,4 -24,-4 -25,-17 -1,-14 9,-28 22,-32 12,-4 23,4 24,17z"/>
  <path class="fil2" d="M11518 28838c0,13 -9,27 -22,31 -12,4 -23,-3 -24,-16 -1,-13 9,-28 22,-32 12,-4 23,3 24,17z"/>
  <path class="fil2" d="M11581 28816c1,14 -8,28 -20,32 -12,4 -23,-4 -24,-17 -1,-13 9,-28 21,-32 12,-4 22,4 23,17z"/>
  <path class="fil2" d="M11645 28795c2,14 -7,28 -20,32 -12,4 -23,-4 -24,-17 -1,-14 8,-29 20,-33 12,-5 23,3 24,18z"/>
  <path class="fil3" d="M11368 28861c7,3 11,9 12,17 0,14 -9,29 -22,33l-7 1c4,2 9,2 14,0 13,-4 22,-19 21,-32 -1,-11 -8,-19 -18,-19z"/>
  <path class="fil3" d="M11434 28841c7,3 11,9 11,17 1,13 -8,27 -21,31l-7 1c4,2 9,2 14,0 12,-4 22,-17 21,-31 -1,-10 -8,-18 -18,-18z"/>
  <path class="fil3" d="M11500 28820c7,2 11,8 11,16 1,14 -8,28 -21,32l-7 1c4,1 9,1 13,0 13,-4 22,-18 22,-31 -1,-11 -8,-18 -18,-18z"/>
  <path class="fil3" d="M11564 28798c6,2 10,8 11,17 1,13 -8,27 -21,31l-6 1c4,2 8,2 13,0 12,-4 21,-18 20,-31 -1,-11 -8,-18 -17,-18z"/>
  <path class="fil3" d="M11627 28775c6,3 11,9 12,18 1,14 -8,29 -21,32l-6 1c4,2 8,2 13,1 13,-4 22,-18 20,-32 -1,-12 -8,-20 -18,-20z"/>
 </g>
</svg>
